"sex" "f_inb" "animal.id" "id" "year" "animal" "y"
"1" 1 0 1 1 1 1 12.9924151352835
"2" 1 0 2 2 1 2 11.5923024966425
"3" 1 0 3 3 1 3 14.0285420137292
"4" 1 0 4 4 1 4 12.3564420389301
"5" 1 0 5 5 1 5 12.8224157659144
"6" 1 0 6 6 1 6 10.1261619530451
"7" 1 0 7 7 1 7 12.3211426805921
"8" 1 0 8 8 1 8 12.8622492127786
"9" 1 0 9 9 1 9 12.5740712870935
"10" 1 0 10 10 1 10 13.2178537251446
"11" 1 0 11 11 1 11 11.2901896474735
"12" 1 0 12 12 1 12 10.2573077036668
"13" 1 0 13 13 1 13 12.8128327469993
"14" 1 0 14 14 1 14 13.033245374548
"15" 1 0 15 15 1 15 15.1943435254896
"16" 1 0 16 16 1 16 12.9446987001831
"17" 1 0 17 17 1 17 11.1684912513514
"18" 1 0 18 18 1 18 12.9974869928911
"19" 2 0 19 19 1 19 15.2408412683909
"20" 1 0 20 20 1 20 11.8335463720128
"21" 1 0 21 21 1 21 10.2018272913043
"22" 1 0 22 22 1 22 13.3790644573953
"23" 2 0 23 23 1 23 14.1269645045177
"24" 2 0 24 24 1 24 15.2836103648174
"25" 1 0 25 25 1 25 13.4590481664802
"26" 2 0 26 26 1 26 15.5644152527071
"27" 2 0 27 27 1 27 14.7018152528062
"28" 2 0 28 28 1 28 14.0640942427145
"29" 2 0 29 29 1 29 14.2846318971815
"30" 2 0 30 30 1 30 14.4901006609769
"31" 2 0 31 31 1 31 12.1241384670709
"32" 2 0 32 32 1 32 13.8570497532341
"33" 2 0 33 33 1 33 14.2579901267951
"34" 2 0 34 34 1 34 14.0935711682379
"35" 2 0 35 35 1 35 14.0835541051998
"36" 2 0 36 36 1 36 15.3153505383183
"37" 2 0 37 37 1 37 12.0202116132137
"38" 2 0 38 38 1 38 15.8914526333214
"39" 2 0 39 39 1 39 14.7798472161563
"40" 2 0 40 40 1 40 14.5969221044497
"41" 2 0 41 41 1 41 13.5820554557517
"42" 2 0 42 42 1 42 13.5496036601905
"43" 2 0 43 43 1 43 13.8197076274403
"44" 2 0 44 44 1 44 15.0532503707234
"45" 2 0 45 45 1 45 12.159947996173
"46" 1 0 46 46 1 46 11.6226636631366
"47" 2 0 47 47 1 47 18.4654286065126
"48" 2 0 48 48 1 48 14.2341885383447
"49" 1 0 49 49 1 49 13.981628886318
"50" 2 0 50 50 1 50 14.3029323928544
"51" 1 0 51 51 2 51 12.7731654114203
"52" 1 0 52 52 2 52 10.4355180774959
"53" 1 0 53 53 2 53 12.7935640765022
"54" 1 0 54 54 2 54 10.1130631547296
"55" 1 0 55 55 2 55 12.5953788370551
"56" 1 0 56 56 2 56 12.3570760224847
"57" 1 0 57 57 2 57 14.2151628308111
"58" 1 0 58 58 2 58 11.8717807887679
"59" 1 0 59 59 2 59 12.4701357135674
"60" 1 0 60 60 2 60 13.0201296819093
"61" 1 0 61 61 2 61 12.961508166279
"62" 1 0 62 62 2 62 13.2674372955
"63" 1 0 63 63 2 63 11.7737922556735
"64" 1 0 64 64 2 64 11.8736266253202
"65" 1 0 65 65 2 65 12.6718417007042
"66" 1 0 66 66 2 66 12.0313944905553
"67" 1 0 67 67 2 67 10.6473568097247
"68" 1 0 68 68 2 68 11.4132641656108
"69" 2 0 69 69 2 69 13.3385154268636
"70" 1 0 70 70 2 70 13.6852040783158
"71" 1 0 71 71 2 71 10.6441499317962
"72" 1 0 72 72 2 72 11.7232199863213
"73" 2 0 73 73 2 73 12.7738662338924
"74" 1 0 74 74 2 74 11.1093356754444
"75" 1 0 75 75 2 75 11.0307985120764
"76" 2 0 76 76 2 76 14.1583133386241
"77" 2 0 77 77 2 77 14.4608236669994
"78" 2 0 78 78 2 78 15.0808804999483
"79" 2 0 79 79 2 79 14.7632962330952
"80" 2 0 80 80 2 80 14.1554329491688
"81" 2 0 81 81 2 81 14.1561297855655
"82" 2 0 82 82 2 82 13.0793528119172
"83" 2 0 83 83 2 83 13.1265357755527
"84" 2 0 84 84 2 84 14.9137864159347
"85" 2 0 85 85 2 85 13.6624606619929
"86" 2 0 86 86 2 86 13.977980897016
"87" 2 0 87 87 2 87 14.2811529631102
"88" 2 0 88 88 2 88 14.4377663969162
"89" 2 0 89 89 2 89 13.4732105716334
"90" 2 0 90 90 2 90 13.4921367616486
"91" 2 0 91 91 2 91 13.4320204301416
"92" 2 0 92 92 2 92 13.7906461010435
"93" 2 0 93 93 2 93 14.0102585579915
"94" 2 0 94 94 2 94 14.7968570185249
"95" 2 0 95 95 2 95 15.611243382649
"96" 1 0 96 96 2 96 11.6193733953239
"97" 2 0 97 97 2 97 12.1891667002471
"98" 1 0 98 98 2 98 13.9608813579616
"99" 2 0 99 99 2 99 15.4808499397821
"100" 2 0 100 100 2 100 15.5145994793192
"101" 1 0 101 101 3 101 12.9158707767981
"102" 1 0 102 102 3 102 11.1035172220587
"103" 1 0.125 103 103 3 103 10.0043602105379
"104" 2 0 104 104 3 104 14.0352257232742
"105" 1 0.125 105 105 3 105 9.43149829408646
"106" 1 0 106 106 3 106 11.5094295038732
"107" 1 0 107 107 3 107 10.339576999721
"108" 1 0 108 108 3 108 10.4252627737326
"109" 1 0 109 109 3 109 10.4689142793538
"110" 1 0 110 110 3 110 12.4461924746381
"111" 1 0 111 111 3 111 13.2017335758919
"112" 1 0 112 112 3 112 12.8151946404222
"113" 1 0.125 113 113 3 113 8.53320362781787
"114" 1 0 114 114 3 114 13.7732768596495
"115" 1 0 115 115 3 115 10.2518596660789
"116" 1 0 116 116 3 116 12.342699583278
"117" 1 0 117 117 3 117 11.4538259770417
"118" 1 0 118 118 3 118 12.7856607770428
"119" 2 0 119 119 3 119 13.3381192355796
"120" 1 0 120 120 3 120 12.1262153741048
"121" 1 0 121 121 3 121 12.9629137727794
"122" 2 0 122 122 3 122 12.6086887529808
"123" 1 0 123 123 3 123 10.6871394709864
"124" 2 0 124 124 3 124 13.3390659944738
"125" 1 0.125 125 125 3 125 7.52504309337603
"126" 2 0 126 126 3 126 14.0624190647345
"127" 2 0 127 127 3 127 14.1606379209294
"128" 2 0 128 128 3 128 14.8655990852497
"129" 2 0 129 129 3 129 15.3052636847674
"130" 2 0 130 130 3 130 12.1894186276071
"131" 2 0 131 131 3 131 13.4289870073907
"132" 2 0 132 132 3 132 13.6152231330818
"133" 2 0 133 133 3 133 12.8839585234775
"134" 2 0 134 134 3 134 14.1646561526477
"135" 2 0.125 135 135 3 135 13.7036030893953
"136" 2 0 136 136 3 136 15.1610764566777
"137" 2 0 137 137 3 137 14.6479372640865
"138" 2 0 138 138 3 138 15.0805283699251
"139" 2 0 139 139 3 139 14.1217289565334
"140" 2 0 140 140 3 140 11.3760339653186
"141" 2 0 141 141 3 141 14.3599780577945
"142" 2 0 142 142 3 142 15.101813145489
"143" 2 0 143 143 3 143 13.79298502222
"144" 2 0 144 144 3 144 14.0040868502573
"145" 2 0 145 145 3 145 12.8427574231731
"146" 1 0 146 146 3 146 12.4503814010666
"147" 2 0 147 147 3 147 13.2106896231311
"148" 1 0 148 148 3 148 11.0496983326611
"149" 2 0 149 149 3 149 12.9268677397485
"150" 1 0 150 150 3 150 10.7823976768627
"151" 1 0 151 151 4 151 10.4033639111219
"152" 1 0.03125 152 152 4 152 12.0442550940109
"153" 1 0.03125 153 153 4 153 10.4572113619928
"154" 1 0.15625 154 154 4 154 8.32197834359152
"155" 1 0 155 155 4 155 11.399178464842
"156" 1 0.15625 156 156 4 156 6.80027611388448
"157" 1 0.03125 157 157 4 157 12.7885061209128
"158" 1 0 158 158 4 158 12.4002722638888
"159" 1 0.125 159 159 4 159 9.48273693149048
"160" 1 0 160 160 4 160 12.7054964645533
"161" 1 0.125 161 161 4 161 8.34763933052166
"162" 1 0.125 162 162 4 162 7.0340300069606
"163" 1 0 163 163 4 163 12.3270902915449
"164" 1 0 164 164 4 164 12.4420290091861
"165" 1 0 165 165 4 165 14.0161332158706
"166" 1 0.03125 166 166 4 166 10.1039622734574
"167" 1 0 167 167 4 167 12.1841814227786
"168" 1 0 168 168 4 168 11.3498230721057
"169" 1 0 169 169 4 169 11.0722121597879
"170" 1 0.15625 170 170 4 170 8.10083427352101
"171" 1 0 171 171 4 171 11.1842978806429
"172" 2 0 172 172 4 172 13.9757314529534
"173" 2 0 173 173 4 173 13.1858672523516
"174" 2 0.15625 174 174 4 174 12.3491396711146
"175" 1 0.15625 175 175 4 175 4.62886008614403
"176" 2 0.03125 176 176 4 176 13.7535397265599
"177" 2 0.03125 177 177 4 177 12.4181700904135
"178" 2 0.03125 178 178 4 178 13.4986381414056
"179" 2 0 179 179 4 179 13.3003275930851
"180" 2 0 180 180 4 180 14.7651177739145
"181" 2 0.03125 181 181 4 181 13.689711092385
"182" 2 0.03125 182 182 4 182 11.9114705444986
"183" 2 0.03125 183 183 4 183 12.3432869407231
"184" 2 0 184 184 4 184 11.8497150699877
"185" 2 0.03125 185 185 4 185 12.3963628737984
"186" 2 0 186 186 4 186 14.0937906888756
"187" 1 0 187 187 4 187 11.8233442989566
"188" 2 0 188 188 4 188 15.7157227269595
"189" 2 0 189 189 4 189 15.9860574023656
"190" 2 0 190 190 4 190 14.5432861243108
"191" 2 0.03125 191 191 4 191 11.7741423974447
"192" 2 0 192 192 4 192 14.9409218445819
"193" 2 0 193 193 4 193 13.7219150730969
"194" 2 0 194 194 4 194 14.0927298440484
"195" 2 0 195 195 4 195 14.4763119724872
"196" 2 0 196 196 4 196 15.9064695640625
"197" 1 0.15625 197 197 4 197 8.3022413091737
"198" 2 0 198 198 4 198 15.4504325071419
"199" 2 0 199 199 4 199 13.3001103183023
"200" 2 0.03125 200 200 4 200 12.3825948737741
"201" 1 0.03125 201 201 5 201 11.1021204224994
"202" 1 0.0390625 202 202 5 202 12.0279236930029
"203" 1 0.03125 203 203 5 203 12.3526603641835
"204" 1 0 204 204 5 204 12.6688063860376
"205" 1 0.0078125 205 205 5 205 11.8729911261151
"206" 1 0.046875 206 206 5 206 10.8528660692317
"207" 1 0.015625 207 207 5 207 10.936340255912
"208" 1 0.0234375 208 208 5 208 12.807084033915
"209" 1 0.015625 209 209 5 209 9.57399381890468
"210" 1 0.03125 210 210 5 210 9.61215063333606
"211" 1 0.0234375 211 211 5 211 11.9282315039263
"212" 1 0.140625 212 212 5 212 10.7765662531711
"213" 1 0.078125 213 213 5 213 11.2727891056529
"214" 1 0.03125 214 214 5 214 9.01225080040712
"215" 1 0.0234375 215 215 5 215 10.346348406016
"216" 1 0.0078125 216 216 5 216 13.2691832991265
"217" 1 0.0078125 217 217 5 217 13.5794111505071
"218" 1 0.0234375 218 218 5 218 9.0364396889409
"219" 1 0.125 219 219 5 219 9.81501090660796
"220" 1 0.03125 220 220 5 220 12.6101329533954
"221" 1 0.0078125 221 221 5 221 12.6009360038598
"222" 1 0.03125 222 222 5 222 12.2907066100178
"223" 2 0.015625 223 223 5 223 11.6724118506813
"224" 2 0.03125 224 224 5 224 11.3414396316373
"225" 1 0.046875 225 225 5 225 10.3457724591317
"226" 2 0 226 226 5 226 12.5733285611271
"227" 2 0.046875 227 227 5 227 12.4415100920999
"228" 2 0 228 228 5 228 13.3951254588969
"229" 2 0.0546875 229 229 5 229 12.7458941752028
"230" 2 0.03125 230 230 5 230 12.7925684412028
"231" 2 0 231 231 5 231 13.9909499705542
"232" 2 0.0703125 232 232 5 232 12.0991000981963
"233" 2 0.0078125 233 233 5 233 12.4087339150693
"234" 2 0.0078125 234 234 5 234 13.9264603150356
"235" 2 0.1328125 235 235 5 235 11.2405124296945
"236" 2 0.0078125 236 236 5 236 15.0961204864971
"237" 2 0.03125 237 237 5 237 12.454631829255
"238" 2 0.0390625 238 238 5 238 13.4528662115395
"239" 2 0.0234375 239 239 5 239 12.7059242477409
"240" 2 0.03125 240 240 5 240 13.0752419117826
"241" 2 0.046875 241 241 5 241 11.6057171561062
"242" 2 0.015625 242 242 5 242 12.8328986009428
"243" 2 0.0078125 243 243 5 243 14.85670522478
"244" 2 0 244 244 5 244 13.6195942100698
"245" 2 0.09375 245 245 5 245 13.3103279274018
"246" 2 0.03125 246 246 5 246 14.1642347265033
"247" 1 0.1953125 247 247 5 247 7.65167003457389
"248" 1 0 248 248 5 248 12.287558628466
"249" 1 0 249 249 5 249 12.5700458145167
"250" 2 0.046875 250 250 5 250 12.2061230257837
"251" 1 0.04296875 251 251 6 251 9.73164078190609
"252" 1 0.02734375 252 252 6 252 10.169643336474
"253" 1 0.009765625 253 253 6 253 10.9415441198137
"254" 1 0.029296875 254 254 6 254 11.6494523413592
"255" 1 0.064453125 255 255 6 255 11.6147104311824
"256" 1 0.01171875 256 256 6 256 12.8065410786011
"257" 1 0.017578125 257 257 6 257 10.2211004322221
"258" 1 0.00390625 258 258 6 258 11.9869705377483
"259" 1 0.05859375 259 259 6 259 11.5313129327757
"260" 1 0.16796875 260 260 6 260 9.53316743878533
"261" 1 0.05078125 261 261 6 261 10.1153810302475
"262" 1 0.060546875 262 262 6 262 9.45631790371702
"263" 1 0.052734375 263 263 6 263 11.067542270015
"264" 1 0.025390625 264 264 6 264 11.335871117626
"265" 1 0.044921875 265 265 6 265 12.0781876295484
"266" 1 0.0078125 266 266 6 266 13.2697661311439
"267" 1 0.044921875 267 267 6 267 11.2319818807569
"268" 1 0.173828125 268 268 6 268 8.04059100446596
"269" 1 0.189453125 269 269 6 269 10.4072661367447
"270" 1 0.1328125 270 270 6 270 10.2879223052233
"271" 2 0.068359375 271 271 6 271 12.8430703894111
"272" 1 0.015625 272 272 6 272 14.8630385474537
"273" 2 0.0390625 273 273 6 273 13.147985955207
"274" 2 0.017578125 274 274 6 274 13.4176506230895
"275" 2 0.009765625 275 275 6 275 15.1418856796378
"276" 2 0.037109375 276 276 6 276 12.3832915595417
"277" 2 0.01953125 277 277 6 277 12.6977579092028
"278" 2 0.150390625 278 278 6 278 11.2540163937438
"279" 2 0.025390625 279 279 6 279 13.1943860403187
"280" 2 0.0625 280 280 6 280 11.3557474368698
"281" 2 0.009765625 281 281 6 281 14.7415851450727
"282" 2 0.0390625 282 282 6 282 11.729333829376
"283" 2 0.0703125 283 283 6 283 11.6994069771768
"284" 2 0.01953125 284 284 6 284 14.2350024087909
"285" 2 0.02734375 285 285 6 285 14.0357077764262
"286" 2 0.03125 286 286 6 286 13.6529732162082
"287" 1 0.033203125 287 287 6 287 9.59387080277584
"288" 2 0.0625 288 288 6 288 12.3799504025825
"289" 2 0.044921875 289 289 6 289 11.6263339986349
"290" 2 0.0546875 290 290 6 290 13.3492836316526
"291" 2 0.0234375 291 291 6 291 11.5111358047028
"292" 2 0.04296875 292 292 6 292 14.3405182719959
"293" 2 0.046875 293 293 6 293 14.6083799033689
"294" 2 0.03515625 294 294 6 294 13.9818177813954
"295" 1 0.04296875 295 295 6 295 12.2145621749417
"296" 2 0.068359375 296 296 6 296 14.7883119984954
"297" 1 0.04296875 297 297 6 297 11.6317094608893
"298" 2 0.0703125 298 298 6 298 11.9088613783904
"299" 2 0.041015625 299 299 6 299 14.0619547074195
"300" 2 0.0625 300 300 6 300 13.7426263844928
"301" 1 0.04345703125 301 301 7 301 12.1319416487422
"302" 1 0.0673828125 302 302 7 302 11.3905824841439
"303" 1 0.03515625 303 303 7 303 12.6652897031605
"304" 1 0.04296875 304 304 7 304 10.7595625115023
"305" 1 0.03076171875 305 305 7 305 10.9190009092913
"306" 1 0.02978515625 306 306 7 306 11.1137444909685
"307" 1 0.02587890625 307 307 7 307 11.1830892886345
"308" 1 0.0361328125 308 308 7 308 11.8054241949849
"309" 1 0.03515625 309 309 7 309 10.0255849876541
"310" 1 0.03271484375 310 310 7 310 11.4670174908536
"311" 1 0.06298828125 311 311 7 311 10.5465933930393
"312" 1 0.15087890625 312 312 7 312 8.78679819316875
"313" 1 0.07470703125 313 313 7 313 8.80532398022856
"314" 1 0.087890625 314 314 7 314 9.06675222813733
"315" 1 0.02587890625 315 315 7 315 12.824485843549
"316" 1 0.07861328125 316 316 7 316 10.1361649207464
"317" 1 0.0673828125 317 317 7 317 11.2880206853674
"318" 1 0.02099609375 318 318 7 318 13.2610699453003
"319" 1 0.029296875 319 319 7 319 11.1978232278974
"320" 1 0.0673828125 320 320 7 320 11.0236968497123
"321" 2 0.0283203125 321 321 7 321 12.9557667034492
"322" 1 0.04345703125 322 322 7 322 9.62124080350472
"323" 1 0.03271484375 323 323 7 323 11.3334558162957
"324" 1 0.02587890625 324 324 7 324 12.600744291657
"325" 1 0.03759765625 325 325 7 325 12.7289287990129
"326" 2 0.0419921875 326 326 7 326 13.9363440393079
"327" 1 0.015625 327 327 7 327 13.7069654521025
"328" 2 0.06494140625 328 328 7 328 14.5195677819375
"329" 2 0.15673828125 329 329 7 329 9.90054371746158
"330" 1 0.02587890625 330 330 7 330 11.8786543993244
"331" 2 0.0283203125 331 331 7 331 12.8907523763489
"332" 2 0.03271484375 332 332 7 332 13.0580725542795
"333" 2 0.02685546875 333 333 7 333 13.8414735265482
"334" 2 0.02294921875 334 334 7 334 13.3681878287845
"335" 2 0.02587890625 335 335 7 335 13.171725863593
"336" 2 0.06689453125 336 336 7 336 12.0630082322877
"337" 2 0.04833984375 337 337 7 337 13.4101702290515
"338" 2 0.0537109375 338 338 7 338 13.0980238995258
"339" 2 0.15087890625 339 339 7 339 13.7349936165325
"340" 2 0.08837890625 340 340 7 340 12.0258241964945
"341" 2 0.072265625 341 341 7 341 13.9086845947166
"342" 2 0.03173828125 342 342 7 342 12.7425065078331
"343" 2 0.04248046875 343 343 7 343 12.9829826659879
"344" 2 0.03173828125 344 344 7 344 13.5758389215888
"345" 2 0.07470703125 345 345 7 345 12.8547718387212
"346" 2 0.06787109375 346 346 7 346 12.1834673781373
"347" 1 0.064453125 347 347 7 347 9.30147366002905
"348" 1 0.06640625 348 348 7 348 10.5083058986445
"349" 2 0.02099609375 349 349 7 349 14.7478297931072
"350" 2 0.03955078125 350 350 7 350 12.6296286809472
"351" 1 0.040771484375 351 351 8 351 11.6022263943231
"352" 2 0.0767822265625 352 352 8 352 13.0850145471792
"353" 1 0.053466796875 353 353 8 353 11.9325872875906
"354" 1 0.0943603515625 354 354 8 354 10.3049153778141
"355" 1 0.078125 355 355 8 355 11.1822496376842
"356" 1 0.17578125 356 356 8 356 8.25609750661021
"357" 1 0.06396484375 357 357 8 357 9.77034021445382
"358" 1 0.1766357421875 358 358 8 358 7.48376168597766
"359" 1 0.05419921875 359 359 8 359 11.8659705237872
"360" 1 0.0526123046875 360 360 8 360 11.3954941710888
"361" 1 0.0316162109375 361 361 8 361 12.4588179638985
"362" 1 0.1929931640625 362 362 8 362 9.10326759600887
"363" 1 0.1929931640625 363 363 8 363 7.79497666472005
"364" 1 0.06396484375 364 364 8 364 9.89394468995241
"365" 1 0.082275390625 365 365 8 365 11.1417060255401
"366" 1 0.0499267578125 366 366 8 366 11.7940216952877
"367" 1 0.1513671875 367 367 8 367 9.44313913776526
"368" 1 0.07177734375 368 368 8 368 12.6976009944764
"369" 1 0.0465087890625 369 369 8 369 10.1224977593743
"370" 1 0.026123046875 370 370 8 370 13.0437998731317
"371" 1 0.1026611328125 371 371 8 371 10.3033381405626
"372" 1 0.0570068359375 372 372 8 372 11.5575165261462
"373" 2 0.0367431640625 373 373 8 373 12.5300238709301
"374" 2 0.06201171875 374 374 8 374 15.1415402515236
"375" 2 0.041015625 375 375 8 375 13.6562911175727
"376" 2 0.058349609375 376 376 8 376 14.1695478981154
"377" 2 0.0391845703125 377 377 8 377 15.0392920082523
"378" 2 0.0390625 378 378 8 378 14.146107019769
"379" 2 0.0423583984375 379 379 8 379 14.5532949589023
"380" 2 0.1663818359375 380 380 8 380 11.7798138963969
"381" 2 0.1080322265625 381 381 8 381 11.8631517896665
"382" 2 0.166748046875 382 382 8 382 11.4496053213502
"383" 2 0.14990234375 383 383 8 383 10.7740924273376
"384" 2 0.040771484375 384 384 8 384 12.8140475301185
"385" 2 0.0460205078125 385 385 8 385 11.9204998035782
"386" 2 0.0391845703125 386 386 8 386 13.9025444423414
"387" 2 0.0572509765625 387 387 8 387 13.2507809214955
"388" 2 0.0614013671875 388 388 8 388 12.9684245795157
"389" 2 0.04052734375 389 389 8 389 13.2989265295769
"390" 2 0.0640869140625 390 390 8 390 14.1835342632896
"391" 2 0.052001953125 391 391 8 391 14.7138820499949
"392" 2 0.0859375 392 392 8 392 10.2252184602028
"393" 2 0.0347900390625 393 393 8 393 14.7870883857661
"394" 2 0.1080322265625 394 394 8 394 13.1396142804351
"395" 2 0.0721435546875 395 395 8 395 11.4046681213781
"396" 2 0.15966796875 396 396 8 396 9.81946371868975
"397" 1 0.048095703125 397 397 8 397 10.3024327386841
"398" 1 0.0736083984375 398 398 8 398 8.92992800003262
"399" 2 0.0714111328125 399 399 8 399 12.3113531623125
"400" 1 0.0606689453125 400 400 8 400 12.0652488058923
"401" 1 0.08001708984375 401 401 9 401 10.5666086512896
"402" 1 0.11053466796875 402 402 9 402 9.95497801285371
"403" 1 0.063140869140625 403 403 9 403 10.8911700469112
"404" 1 0.058990478515625 404 404 9 404 11.2325899297882
"405" 1 0.08416748046875 405 405 9 405 8.41760108429652
"406" 1 0.0521240234375 406 406 9 406 9.71486872272041
"407" 1 0.10174560546875 407 407 9 407 10.1781608569403
"408" 1 0.10400390625 408 408 9 408 10.5299937714425
"409" 1 0.11053466796875 409 409 9 409 9.10856246054101
"410" 1 0.0518798828125 410 410 9 410 12.0954653284131
"411" 1 0.06195068359375 411 411 9 411 10.751198438837
"412" 1 0.29248046875 412 412 9 412 6.62128730096214
"413" 1 0.045013427734375 413 413 9 413 10.7920316393356
"414" 1 0.207489013671875 414 414 9 414 8.07714180894898
"415" 1 0.09393310546875 415 415 9 415 11.6172443582368
"416" 1 0.080780029296875 416 416 9 416 11.1198317245763
"417" 1 0.088775634765625 417 417 9 417 10.5744463688426
"418" 1 0.054901123046875 418 418 9 418 12.2733758434988
"419" 1 0.11895751953125 419 419 9 419 11.0624654594744
"420" 1 0.220977783203125 420 420 9 420 6.18030140247166
"421" 2 0.04278564453125 421 421 9 421 13.9014190126151
"422" 1 0.04974365234375 422 422 9 422 10.766060765503
"423" 2 0.04254150390625 423 423 9 423 14.2577830268478
"424" 1 0.055572509765625 424 424 9 424 11.423571128187
"425" 2 0.0552978515625 425 425 9 425 14.0725360084549
"426" 2 0.077789306640625 426 426 9 426 13.2084181838643
"427" 2 0.07904052734375 427 427 9 427 12.1708211182414
"428" 2 0.050201416015625 428 428 9 428 14.3628571355901
"429" 2 0.192535400390625 429 429 9 429 10.24392672994
"430" 2 0.047637939453125 430 430 9 430 13.6058728614472
"431" 2 0.08538818359375 431 431 9 431 11.4219843073406
"432" 2 0.176025390625 432 432 9 432 9.57748092222685
"433" 2 0.0908203125 433 433 9 433 11.6641366907431
"434" 2 0.0882568359375 434 434 9 434 13.6448639216984
"435" 2 0.06146240234375 435 435 9 435 13.5231898261262
"436" 2 0.10888671875 436 436 9 436 12.0299504578363
"437" 2 0.203338623046875 437 437 9 437 12.034862350908
"438" 2 0.112701416015625 438 438 9 438 12.7279395821002
"439" 1 0.1317138671875 439 439 9 439 9.29054550974829
"440" 2 0.05889892578125 440 440 9 440 12.9287417303235
"441" 2 0.0462646484375 441 441 9 441 15.2808641439647
"442" 2 0.101715087890625 442 442 9 442 12.043206183549
"443" 2 0.10888671875 443 443 9 443 13.2459853994667
"444" 2 0.055267333984375 444 444 9 444 12.6301167736011
"445" 2 0.05303955078125 445 445 9 445 14.2660562221008
"446" 1 0.16546630859375 446 446 9 446 8.08578559946423
"447" 1 0.1678466796875 447 447 9 447 8.8498707514176
"448" 1 0.05389404296875 448 448 9 448 10.1670402292056
"449" 1 0.103790283203125 449 449 9 449 8.76108573604468
"450" 2 0.060699462890625 450 450 9 450 12.9280619714182
"451" 2 0.0595779418945312 451 451 10 451 11.6839928076867
"452" 1 0.0707626342773438 452 452 10 452 11.977098115593
"453" 1 0.07391357421875 453 453 10 453 10.1336655109259
"454" 1 0.113433837890625 454 454 10 454 11.7640302061082
"455" 1 0.0938339233398438 455 455 10 455 12.5565573021369
"456" 1 0.211318969726562 456 456 10 456 8.10487606761324
"457" 2 0.0849533081054688 457 457 10 457 11.7126302421691
"458" 1 0.113433837890625 458 458 10 458 8.2555007454633
"459" 1 0.0984878540039062 459 459 10 459 9.71844947759496
"460" 1 0.08428955078125 460 460 10 460 9.49083194883092
"461" 1 0.0580291748046875 461 461 10 461 11.5019387674605
"462" 1 0.062286376953125 462 462 10 462 11.9085213574151
"463" 1 0.0850753784179688 463 463 10 463 9.76912301474762
"464" 1 0.0887527465820312 464 464 10 464 11.2759933627146
"465" 1 0.0617141723632812 465 465 10 465 12.3959254566627
"466" 1 0.163444519042969 466 466 10 466 10.1673467645363
"467" 1 0.0585784912109375 467 467 10 467 10.8474615556807
"468" 1 0.156173706054688 468 468 10 468 8.40292048511989
"469" 1 0.0503158569335938 469 469 10 469 12.1140993353483
"470" 1 0.110389709472656 470 470 10 470 10.854368824701
"471" 2 0.0866928100585938 471 471 10 471 14.0062594494669
"472" 1 0.137527465820312 472 472 10 472 9.56988797817394
"473" 2 0.0772857666015625 473 473 10 473 13.3201596627113
"474" 2 0.0929946899414062 474 474 10 474 11.9868757156624
"475" 2 0.122123718261719 475 475 10 475 9.91165173062317
"476" 2 0.107498168945312 476 476 10 476 12.425617548005
"477" 2 0.06207275390625 477 477 10 477 11.456587191539
"478" 2 0.13720703125 478 478 10 478 13.5744579149333
"479" 2 0.0962753295898438 479 479 10 479 13.1861255530948
"480" 2 0.0527267456054688 480 480 10 480 14.3006447763857
"481" 2 0.104476928710938 481 481 10 481 11.4519600900174
"482" 2 0.0972671508789062 482 482 10 482 10.448640561606
"483" 2 0.0887527465820312 483 483 10 483 13.8001113641017
"484" 2 0.076568603515625 484 484 10 484 15.0276041524371
"485" 2 0.127777099609375 485 485 10 485 14.2815007939422
"486" 2 0.144142150878906 486 486 10 486 10.8526471821411
"487" 2 0.105003356933594 487 487 10 487 11.53906690218
"488" 2 0.0666580200195312 488 488 10 488 12.4465057898477
"489" 2 0.147392272949219 489 489 10 489 11.2626801206985
"490" 2 0.077056884765625 490 490 10 490 12.4919388398147
"491" 2 0.0611648559570312 491 491 10 491 14.4455114365943
"492" 2 0.145164489746094 492 492 10 492 13.2140602563219
"493" 2 0.116043090820312 493 493 10 493 13.0466958695561
"494" 2 0.0920791625976562 494 494 10 494 13.9126334780225
"495" 2 0.0990219116210938 495 495 10 495 11.9969316867825
"496" 1 0.109329223632812 496 496 10 496 9.9795570346952
"497" 1 0.069610595703125 497 497 10 497 11.3223834111075
"498" 2 0.134597778320312 498 498 10 498 11.3681206967493
"499" 1 0.0551376342773438 499 499 10 499 11.5503170133887
"500" 1 0.09234619140625 500 500 10 500 8.52664221115201
"501" 1 0.0939216613769531 501 501 11 501 11.4705706315321
"502" 1 0.0869827270507812 502 502 11 502 9.83814138785971
"503" 1 0.0686626434326172 503 503 11 503 11.1171869492309
"504" 1 0.0753040313720703 504 504 11 504 10.6879225360263
"505" 1 0.189235687255859 505 505 11 505 7.39298831704206
"506" 1 0.128158569335938 506 506 11 506 9.669018883905
"507" 1 0.139835357666016 507 507 11 507 9.83057795895524
"508" 1 0.0843219757080078 508 508 11 508 11.5532663295908
"509" 1 0.0719661712646484 509 509 11 509 11.4683247922247
"510" 1 0.0743885040283203 510 510 11 510 12.0195144519682
"511" 1 0.0849800109863281 511 511 11 511 12.6824926986877
"512" 1 0.101396560668945 512 512 11 512 10.1381766854969
"513" 1 0.0883312225341797 513 513 11 513 12.1909096166794
"514" 2 0.105649948120117 514 514 11 514 11.4385939665518
"515" 1 0.116634368896484 515 515 11 515 11.6015914135708
"516" 1 0.0953178405761719 516 516 11 516 10.7004773001771
"517" 1 0.104885101318359 517 517 11 517 10.7282131430142
"518" 1 0.125600814819336 518 518 11 518 11.7453972262725
"519" 1 0.117612838745117 519 519 11 519 9.27882757155207
"520" 1 0.0981483459472656 520 520 11 520 12.9357028939075
"521" 1 0.0683917999267578 521 521 11 521 11.4081759148389
"522" 1 0.101564407348633 522 522 11 522 12.4041255717881
"523" 2 0.0894584655761719 523 523 11 523 14.4986994602107
"524" 1 0.0823402404785156 524 524 11 524 10.9263614696089
"525" 1 0.143955230712891 525 525 11 525 10.9796786736486
"526" 2 0.0880413055419922 526 526 11 526 13.781454367562
"527" 2 0.0889225006103516 527 527 11 527 13.0975709378796
"528" 2 0.199058532714844 528 528 11 528 10.9869677095367
"529" 2 0.0817012786865234 529 529 11 529 13.3258765265472
"530" 2 0.0943813323974609 530 530 11 530 11.3903492285794
"531" 2 0.0731716156005859 531 531 11 531 14.5394957110161
"532" 2 0.113790512084961 532 532 11 532 11.3702807184653
"533" 2 0.191370010375977 533 533 11 533 11.7523369229164
"534" 2 0.117887496948242 534 534 11 534 10.6329507979471
"535" 2 0.103208541870117 535 535 11 535 12.2918010052864
"536" 2 0.0751857757568359 536 536 11 536 11.9574670754447
"537" 2 0.0874500274658203 537 537 11 537 11.3642822923435
"538" 2 0.101524353027344 538 538 11 538 12.23085132697
"539" 2 0.0874500274658203 539 539 11 539 13.0666579491143
"540" 2 0.0888462066650391 540 540 11 540 13.9587369014474
"541" 2 0.115734100341797 541 541 11 541 13.0405464292236
"542" 2 0.0753040313720703 542 542 11 542 13.9845849095784
"543" 2 0.121841430664062 543 543 11 543 12.1114663701585
"544" 2 0.107433319091797 544 544 11 544 12.3812846506185
"545" 2 0.11140251159668 545 545 11 545 10.3214472152995
"546" 2 0.139877319335938 546 546 11 546 12.0024575311453
"547" 1 0.101428985595703 547 547 11 547 9.78145303308138
"548" 2 0.0869827270507812 548 548 11 548 12.9195793232632
"549" 2 0.0963993072509766 549 549 11 549 12.4889739726614
"550" 1 0.0849800109863281 550 550 11 550 12.3915526752943
"551" 1 0.124898433685303 551 551 12 551 10.6552767645471
"552" 1 0.193821430206299 552 552 12 552 8.29618201036398
"553" 1 0.150743961334229 553 553 12 553 9.87976745865585
"554" 1 0.10593843460083 554 554 12 554 11.5653139222713
"555" 1 0.118268966674805 555 555 12 555 11.1284662659238
"556" 1 0.100551605224609 556 556 12 556 10.0315436983274
"557" 1 0.0905094146728516 557 557 12 557 10.363390587665
"558" 1 0.230555534362793 558 558 12 558 8.69009993560459
"559" 1 0.137251377105713 559 559 12 559 8.40062435278123
"560" 1 0.150743961334229 560 560 12 560 9.35665157891321
"561" 1 0.104645252227783 561 561 12 561 10.5279648165564
"562" 1 0.0857391357421875 562 562 12 562 11.3898354822361
"563" 1 0.125558853149414 563 563 12 563 10.6143798009549
"564" 1 0.122886657714844 564 564 12 564 9.47695781056683
"565" 1 0.082695484161377 565 565 12 565 10.7790729766086
"566" 1 0.0930089950561523 566 566 12 566 11.4095985438127
"567" 1 0.13717794418335 567 567 12 567 10.6730639175451
"568" 1 0.0957741737365723 568 568 12 568 9.84264220613449
"569" 1 0.103785037994385 569 569 12 569 11.6109949414489
"570" 1 0.0882997512817383 570 570 12 570 9.20843856886845
"571" 2 0.0988245010375977 571 571 12 571 15.9192668970059
"572" 1 0.0983719825744629 572 572 12 572 11.8941260521476
"573" 2 0.109261035919189 573 573 12 573 12.5889696025892
"574" 1 0.104516983032227 574 574 12 574 9.52347884317618
"575" 1 0.112127304077148 575 575 12 575 9.52360617649554
"576" 2 0.175360679626465 576 576 12 576 11.4340018405347
"577" 2 0.0943260192871094 577 577 12 577 11.7283189040726
"578" 2 0.092036247253418 578 578 12 578 13.1770782830434
"579" 2 0.239827156066895 579 579 12 579 8.23975720179818
"580" 2 0.092036247253418 580 580 12 580 13.9589405361884
"581" 2 0.114898204803467 581 581 12 581 13.4159744242134
"582" 2 0.111904144287109 582 582 12 582 12.4689478332751
"583" 2 0.0981764793395996 583 583 12 583 14.8124531380117
"584" 2 0.208127498626709 584 584 12 584 10.3284840739268
"585" 2 0.0957741737365723 585 585 12 585 13.5314746753163
"586" 2 0.101333141326904 586 586 12 586 12.0224240182073
"587" 2 0.138654708862305 587 587 12 587 12.5408730389144
"588" 2 0.118903636932373 588 588 12 588 11.5856849449451
"589" 2 0.132987976074219 589 589 12 589 12.7155936030669
"590" 2 0.194557189941406 590 590 12 590 10.1981388482536
"591" 2 0.0971918106079102 591 591 12 591 13.771747393132
"592" 2 0.102241039276123 592 592 12 592 13.811164065539
"593" 2 0.0971512794494629 593 593 12 593 11.4575826071995
"594" 2 0.0928778648376465 594 594 12 594 12.2356011891289
"595" 2 0.183393955230713 595 595 12 595 9.45462536276851
"596" 1 0.0975275039672852 596 596 12 596 10.8800102095633
"597" 1 0.106215953826904 597 597 12 597 11.3301494053828
"598" 1 0.0969562530517578 598 598 12 598 8.90638809070712
"599" 2 0.113842964172363 599 599 12 599 10.8971417136643
"600" 2 0.116764545440674 600 600 12 600 11.6604949944109
"601" 2 0.104301452636719 601 601 13 601 13.0371948100611
"602" 1 0.133667469024658 602 602 13 602 10.2137521026714
"603" 2 0.174134850502014 603 603 13 603 8.83666969325537
"604" 1 0.229230403900146 604 604 13 604 8.63571068465288
"605" 1 0.139372110366821 605 605 13 605 11.1397542697769
"606" 1 0.124354839324951 606 606 13 606 11.5458685940818
"607" 2 0.114773988723755 607 607 13 607 13.366828345865
"608" 1 0.0964312553405762 608 608 13 608 11.6108349756184
"609" 1 0.12542986869812 609 609 13 609 11.8349649156765
"610" 1 0.11720871925354 610 610 13 610 9.99085790959475
"611" 1 0.156377673149109 611 611 13 611 9.67188006210499
"612" 1 0.235240697860718 612 612 13 612 8.03300900935789
"613" 1 0.20911180973053 613 613 13 613 6.99034287720343
"614" 1 0.180886387825012 614 614 13 614 8.25666936765372
"615" 1 0.261528611183167 615 615 13 615 6.39492075599627
"616" 1 0.119412422180176 616 616 13 616 10.0301554269963
"617" 2 0.142521023750305 617 617 13 617 12.7587948501872
"618" 1 0.0948126316070557 618 618 13 618 11.1278797336246
"619" 1 0.139372110366821 619 619 13 619 10.4548961747074
"620" 2 0.142950415611267 620 620 13 620 14.1022040626487
"621" 2 0.104675054550171 621 621 13 621 10.172921924988
"622" 1 0.0965626239776611 622 622 13 622 11.5337075440225
"623" 2 0.208818197250366 623 623 13 623 10.325323110733
"624" 2 0.26629114151001 624 624 13 624 10.1479330254415
"625" 1 0.104301452636719 625 625 13 625 11.4362467815323
"626" 1 0.133667469024658 626 626 13 626 10.4672145542332
"627" 2 0.172623872756958 627 627 13 627 11.9648108794515
"628" 1 0.124740839004517 628 628 13 628 9.90530132442421
"629" 1 0.115285754203796 629 629 13 629 11.8218434953198
"630" 2 0.124326109886169 630 630 13 630 13.4651935086982
"631" 1 0.252055883407593 631 631 13 631 6.42151778484429
"632" 2 0.103898644447327 632 632 13 632 13.4258353222645
"633" 2 0.100017070770264 633 633 13 633 13.3438114786978
"634" 2 0.115267515182495 634 634 13 634 14.7242324743595
"635" 1 0.166613459587097 635 635 13 635 12.0670700408076
"636" 1 0.1248699426651 636 636 13 636 10.0506495586228
"637" 2 0.110388040542603 637 637 13 637 12.06049171103
"638" 2 0.208818197250366 638 638 13 638 10.804922030058
"639" 2 0.106626510620117 639 639 13 639 11.9561587048034
"640" 2 0.102225780487061 640 640 13 640 12.5266852687055
"641" 2 0.0919375419616699 641 641 13 641 13.729981287712
"642" 1 0.139401078224182 642 642 13 642 9.53007004825048
"643" 1 0.106563806533813 643 643 13 643 11.7312288735276
"644" 1 0.109686970710754 644 644 13 644 11.3500298092799
"645" 2 0.207759737968445 645 645 13 645 10.2099030026225
"646" 2 0.109269857406616 646 646 13 646 11.8251869497079
"647" 2 0.124354839324951 647 647 13 647 11.6160142360841
"648" 2 0.11956775188446 648 648 13 648 10.619654080729
"649" 2 0.154907822608948 649 649 13 649 10.8577948452909
"650" 2 0.0982078313827515 650 650 13 650 13.2143879652576
